0 0.226330 0.857299 0.019102 0.068423
0 0.238093 0.903627 0.024129 0.115465
0 0.269561 0.914319 0.025537 0.119740
0 0.249655 0.789588 0.013874 0.066998
0 0.277102 0.756089 0.013673 0.068425
0 0.284039 0.798141 0.013874 0.061297
0 0.299723 0.764641 0.011461 0.065572
0 0.316311 0.743972 0.012064 0.075554
0 0.319830 0.705483 0.012265 0.041341
0 0.346874 0.749674 0.015282 0.058443
0 0.360648 0.797429 0.011461 0.094083
0 0.379448 0.770344 0.009250 0.076978
0 0.395937 0.738271 0.007239 0.089805
0 0.388195 0.701920 0.011863 0.048467
0 0.402069 0.731856 0.007037 0.054168
0 0.410012 0.728291 0.006434 0.047040
0 0.423886 0.704058 0.008043 0.055595
0 0.427807 0.794578 0.019906 0.062721
0 0.450729 0.753951 0.011863 0.072700
0 0.444396 0.725440 0.013271 0.041338
0 0.450830 0.699068 0.010456 0.034213
0 0.425897 0.671984 0.006434 0.028511
0 0.400059 0.683389 0.013874 0.031362
0 0.460683 0.676260 0.012065 0.037063
0 0.471742 0.668421 0.008445 0.035637
0 0.474657 0.793864 0.018298 0.052744
0 0.488029 0.680538 0.008847 0.037063
0 0.492151 0.658443 0.009451 0.027084
0 0.495267 0.628506 0.008445 0.027084
0 0.475260 0.645612 0.007842 0.029935
0 0.411017 0.669845 0.009249 0.029935
