0 0.259296 0.856256 0.020855 0.090434
0 0.269217 0.916475 0.023285 0.122160
0 0.295236 0.866306 0.017008 0.096177
0 0.311130 0.859847 0.017210 0.103352
0 0.247451 0.795251 0.015389 0.077513
0 0.262434 0.787356 0.013364 0.073209
0 0.277620 0.760082 0.014174 0.070335
0 0.288453 0.757210 0.011946 0.076078
0 0.318116 0.780178 0.016603 0.064597
0 0.368027 0.956740 0.032599 0.081822
0 0.356486 0.862717 0.012756 0.071775
0 0.359928 0.803146 0.011136 0.055985
0 0.355777 0.743575 0.014174 0.054545
0 0.328139 0.699075 0.012756 0.048805
0 0.354663 0.711995 0.007897 0.045933
0 0.363370 0.716301 0.007087 0.057419
0 0.379062 0.716301 0.013769 0.054545
0 0.377746 0.808170 0.010327 0.080385
0 0.387263 0.758647 0.007087 0.067466
0 0.395666 0.776593 0.008099 0.077510
0 0.435858 0.818935 0.016401 0.119142
0 0.408422 0.718454 0.006479 0.050239
0 0.419659 0.722041 0.007897 0.051676
0 0.405486 0.681850 0.014376 0.037323
0 0.450335 0.760800 0.010529 0.071772
0 0.458231 0.730655 0.011339 0.068903
0 0.463192 0.674673 0.011541 0.048805
0 0.458232 0.627302 0.008909 0.048805
0 0.469773 0.628738 0.010529 0.057419
0 0.480089 0.631609 0.010144 0.025837
0 0.475948 0.790945 0.016401 0.068901
0 0.491337 0.666778 0.011946 0.044501
0 0.493564 0.632326 0.008707 0.033015
1 0.518165 0.589981 0.021463 0.051676
