0 0.429934 0.659219 0.006581 0.039587
0 0.434321 0.656392 0.005385 0.036759
0 0.440903 0.667703 0.005385 0.039589
0 0.437413 0.645787 0.004786 0.032521
0 0.440205 0.639424 0.003590 0.028277
0 0.443894 0.631649 0.003789 0.032518
0 0.445290 0.662047 0.004188 0.033932
0 0.448980 0.645079 0.003989 0.031104
0 0.360430 0.686789 0.012764 0.026863
0 0.458453 0.666995 0.009772 0.029691
0 0.463439 0.693859 0.007379 0.043831
0 0.426743 0.674771 0.004986 0.039589
0 0.433922 0.688911 0.006980 0.042417
0 0.234287 0.832419 0.007778 0.057968
0 0.237079 0.907354 0.013362 0.083420
0 0.251239 0.919372 0.019345 0.065039
0 0.248447 0.784346 0.013761 0.063625
0 0.261410 0.790711 0.012565 0.067866
0 0.277166 0.765967 0.013761 0.063623
0 0.273077 0.863525 0.016753 0.072108
0 0.285642 0.919374 0.017550 0.090489
0 0.299303 0.855042 0.015755 0.089075
0 0.285243 0.793537 0.012764 0.053727
0 0.288434 0.752535 0.009174 0.033932
0 0.299802 0.762432 0.013163 0.056554
0 0.308178 0.782933 0.015955 0.060798
0 0.311768 0.710120 0.013960 0.050899
0 0.322936 0.697393 0.010770 0.053727
0 0.316056 0.762432 0.011767 0.053727
0 0.313164 0.894631 0.015157 0.086247
0 0.348165 0.681841 0.012565 0.039587
0 0.360330 0.798486 0.010570 0.074935
0 0.349561 0.749708 0.014958 0.056557
0 0.365416 0.730620 0.014758 0.041001
0 0.375488 0.716481 0.010969 0.032521
0 0.378479 0.806969 0.007379 0.072108
0 0.379875 0.753950 0.007778 0.045244
0 0.383664 0.712240 0.009374 0.038176
0 0.393935 0.692445 0.012365 0.029693
0 0.396129 0.776571 0.008376 0.053729
0 0.395232 0.723550 0.006581 0.043831
0 0.403010 0.729206 0.007778 0.049488
0 0.419962 0.805555 0.017750 0.066453
0 0.428238 0.857162 0.009573 0.076351
0 0.429535 0.773744 0.016154 0.053729
0 0.441202 0.809089 0.012764 0.067866
0 0.440803 0.739810 0.013960 0.042417
0 0.452570 0.696687 0.012764 0.041003
0 0.408594 0.703050 0.005783 0.028277
0 0.410489 0.748999 0.007578 0.052313
0 0.414777 0.732740 0.005385 0.039587
0 0.416372 0.691739 0.006980 0.042417
0 0.424449 0.705877 0.006382 0.042414
0 0.421258 0.681133 0.005185 0.041003
0 0.474109 0.791418 0.014758 0.066453
0 0.479992 0.743345 0.010171 0.035348
0 0.481288 0.723551 0.008775 0.029691
0 0.484080 0.702343 0.008775 0.026863
0 0.468126 0.685376 0.007180 0.041001
0 0.466131 0.647201 0.007180 0.029693
0 0.474308 0.664167 0.006382 0.035346
0 0.475405 0.643666 0.005385 0.028277
0 0.488668 0.672651 0.007977 0.032521
0 0.480591 0.668410 0.006183 0.035348
0 0.381172 0.932097 0.015157 0.084834
0 0.493155 0.647908 0.010171 0.031107
0 0.479892 0.639424 0.007978 0.028277
1 0.460348 0.585698 0.026724 0.062212
1 0.485876 0.584990 0.021938 0.052313
1 0.527957 0.591353 0.023533 0.050902
