0 0.440969 0.696963 0.008966 0.036323
0 0.403716 0.767339 0.010460 0.059023
0 0.401261 0.723450 0.007258 0.052970
0 0.392402 0.694693 0.011741 0.046918
0 0.397845 0.678046 0.008966 0.049943
0 0.406598 0.671234 0.008540 0.030270
0 0.413856 0.659884 0.007258 0.034810
0 0.407559 0.709828 0.004483 0.031783
0 0.446626 0.724206 0.014303 0.051458
1 0.521878 0.593291 0.022629 0.052970
0 0.223005 0.899009 0.014944 0.086266
0 0.241791 0.862686 0.019213 0.083241
0 0.255027 0.906574 0.016225 0.074166
0 0.257269 0.861930 0.017292 0.060538
0 0.283953 0.926251 0.018146 0.086266
0 0.247875 0.793824 0.013449 0.054483
0 0.272105 0.799878 0.016225 0.066590
0 0.278510 0.762799 0.013663 0.055998
0 0.288010 0.850578 0.011742 0.062050
0 0.300712 0.861930 0.016651 0.075673
0 0.304021 0.900522 0.018145 0.107453
0 0.295268 0.791554 0.016438 0.059023
0 0.308397 0.787770 0.016651 0.063565
0 0.318111 0.775669 0.014303 0.063552
0 0.347357 0.745394 0.013022 0.036323
0 0.326970 0.701503 0.010674 0.036323
0 0.353442 0.713611 0.005978 0.030268
0 0.359739 0.737826 0.011742 0.042378
0 0.366251 0.809715 0.008539 0.077186
0 0.370093 0.951223 0.026898 0.090808
0 0.376391 0.813499 0.009607 0.060538
0 0.379059 0.763556 0.008113 0.060538
0 0.368919 0.727234 0.011315 0.036323
0 0.369239 0.696963 0.005978 0.036323
0 0.382688 0.682586 0.006405 0.034808
0 0.376711 0.712855 0.008539 0.028755
0 0.383115 0.709071 0.009820 0.030268
0 0.386851 0.797608 0.009180 0.049945
0 0.388239 0.757501 0.007258 0.045403
0 0.385570 0.847551 0.013449 0.068106
0 0.419300 0.882361 0.013022 0.092321
0 0.418233 0.807445 0.013022 0.057510
0 0.429014 0.850578 0.012809 0.068106
0 0.425705 0.788528 0.011742 0.059025
0 0.430188 0.770365 0.013022 0.059025
0 0.435952 0.749177 0.014730 0.059025
0 0.436379 0.829391 0.010461 0.092321
0 0.442570 0.803662 0.010460 0.068103
0 0.449828 0.767339 0.013022 0.074158
0 0.409053 0.747665 0.006191 0.043890
0 0.414817 0.740096 0.006618 0.046918
0 0.419300 0.717395 0.007899 0.043890
0 0.421009 0.684853 0.006190 0.039353
0 0.425705 0.671992 0.007472 0.059025
0 0.433283 0.684098 0.006405 0.031783
0 0.437019 0.658371 0.004483 0.037838
0 0.445665 0.642479 0.004696 0.033295
0 0.458901 0.726476 0.009820 0.062053
0 0.451749 0.641723 0.004910 0.022703
0 0.463277 0.709071 0.009607 0.045403
0 0.473845 0.819553 0.014516 0.066590
0 0.462637 0.668208 0.010033 0.033298
0 0.482918 0.594049 0.007045 0.033295
0 0.493058 0.592535 0.006831 0.027243
0 0.490176 0.663668 0.010034 0.036323
0 0.474805 0.655343 0.007472 0.031783
0 0.349813 0.810477 0.011955 0.093823
0 0.496580 0.625832 0.009180 0.039350
